$ANSIBLE_VAULT;1.1;AES256
31326633363062623930616266353132643664333161306136653863656330316664666633366631
3164636634626430623565326331343561353936646333350a343733613435363136653566343838
35633132623938366362613266346261643434663561633433613737336435343462373238646363
6235663332313863650a383939383236383766316137353062363136376235343934323838346534
61626637393633656435626131353566313638323733366232326536666536663635656534313937
36353339373865363965313536326538353939353966313831393035613762646633313330316362
66303866636330373066313166343130326162343562323361623835316166313535336530303639
61316536656338306638633564656365653233656337643162306435643837616133643066353635
31386637666261333764643232666636643531636435653239303536313665336365313765376236
37343031623536346231633333396437623139373666363665386264643064343763663534666236
37653432633765333865633564316337666636346262333132626162346636646463356237336665
31333233653935363936653535363163633261633333623465386433356438643363333762383031
64373739343239613961333534386135366265613236633930356131623664323265383534303736
63393636346365333736663939653363373633303635646530616665323731643062666364626362
38323366616337616366336564666163333065306633333834306565313461306665663432303937
62626436336333646130383939336134343530343938363063646261383431393530626534303233
34393265326264386638363264313934333334373565663034356236623331613733366366613036
36306534653130663766333435366438306532393361393339373264366332396339353637333762
61363263646334626163643734633961643633373435316166366561613363366239323436653465
64613931356135363431373239356266313631363734613539366436616665613961613735396330
61616238636233396461313632326533616162383366346362326638653237623439313238363739
33643234313830326263376334356233646230356662356464633333303635393633383539333331
35326531383733353834336162663039313835323239393530356564343037356539663266613565
36396335626333666230626466623737393437333337306337376339633835313938663165353730
63636338356262383866623132326333306635373732636536653364363038373230613332346634
64396166383139663265386131363261666264643663393437616332336439306535356532373134
61656538343165313636633061393731663434323131343232633530346337386538396437636330
37373630353035336662323830613464343831343130666337343135396261373731643861353836
37326164323230346130333035333566616133623164333732333238626361343934333066626161
37313664323165653063326164366137626362333963623238633234623231663032613730346337
38653330326631323339636634623233633135316537386239643639313464623061653438623461
66633661613562643732343332343331373933613731346661316130663161353331636563316462
33373032346365373534616466376465616636306130373061373133313031313432623738663034
66613864626232313332303636313332666166316238643964666534636263316561616162653636
31393364646339623739623639363934326165666539383662666437623335326635646239383035
30316230376437666439346163383831316137393562623334313062313937303861363434666266
35653038393462323037303837616636316635303532383361613230613762316430333938373639
65316262323238363230643063643239326265623364326561653532303265313535326137316137
64353362323234313634326366396661353037326261663166663136663665616234613032643337
35623737613034376433343436643132323835343637343231363738363062653239363964643231
65306436396237396338373232626437383139626530613066343632623763383831396532383062
34323633313934363061316264313632633565373930653364303661626536633830323137616339
64393463633465336539333432373165343938636639366266316231306333633835353538663866
63316162323365656234636563323531613231636161363530346265383535636163383332363066
38343166666462373764336264313833613964623233313633333237356439393263656437356463
66366431343331363564383435373864393234323938663464656234376266633833666430326366
65373538376330396133356231633735393364393636626461353939653133616535393135363266
34343833623238323234353131363236313031636631393464303030643833343532316338353764
34623733663034323861636133313666316338396237356631353362336464383965383539616366
30363238623365353865313362313965353566656263633934323539346235303462316364613233
63633063343531613064656637306466646466356266616438373166313534396135323733613263
35343638353531326130386337623665376237353636616638656137653065643861353831623833
37376165316533666531386530313364353262613962343734313266336363396138373135336165
63346163633962646431356434356232376362383331633265373334643465386164653637303439
63373639356463643832623631353339666533626132663133636437643634333564643230643536
33366131633836313532346466313236336232383063663762643331326164363835396430663866
30303231666161633862316138353237666564623463366666353461613831303062626431643336
31616433666236646663316630336638373165306138376531393166363766616563303162363262
32653265303438363666306262363361326332656534373335343839366332653135336266643262
38636635333434313864613133313262373733653232373231656163633131356634306166313130
62303662653766303665303737653962373633383661383162323361636537326662383262363535
33343631306564306636333464663435336566306332616165353065613566313366313431353839
33646562343763666130323361636231313964333261356132303939303664323364653661356435
32616263366161386664623666356263653264366365326439343139313966333466636235303866
64656530376435353031636163353336313333356533623464313435313966303139363834383833
62666338623638613236323732653334353537316464383936396337326330353635303032323962
63613635653138396437663666663266653835633239333032323963633830383338306466666537
33623039343762616631623466323533376334313734373166616562626130353633633561323137
65393438323131393164633065356434366534383066313062313162346136633763666265366461
62346264636432306532306238333462663439636630376536613063646564313061356633663463
64323361666161646335393530393738666332376533646661656132646661623430613132623666
31336132656437336332306362373665616435313765613833383361633633616230636561363335
39303934386435373339313139336430646436336333303632633134336562623435646334646263
31656164333735396232363939343537333566373736383564323638326362613066346561643636
63343836303030383761383334363131323936653664316264333262623533353138353865326434
31353565396262376364333162343061303561323466336335353831356437353035316565343663
62333033313936303631366266396563323630643139313334666630633263303231666265393239
39366331656666333038613961643466336132383563613466306266373637333066323130353030
37623438343963336531666462336664343733326335626666363230626530616362303336373630
65363162653962626261386365323664353763353735316433333032636466636662633931616162
34366334353539613765643065373238346162303332643535653236393933626639346234393365
37663135653737306136363963393939623535623865363665353538613031386133303664323130
63396532373537326432366335373534666363333161313662616331333162336533326261336266
32646136383765303162333733306534626562373864363136316164333237633733623932666264
38613639653436646531303330366631333636623562326566333436353837636632613534633033
39616330623262636564653136386133396636333962323565323931653463326138663435666635
33323732336438356239663765386264386664306364366132366332636164306462333161393362
65333237346539646432656538326538343533636538353530306637663365373933306337633435
64396434316139343163346134663062623337663064623837333362626138373263633236653566
66326337613235663964333266313532613761333934613833383633383238386563376439363336
37623161626430646434316435616635313034643330333362613133623239386433366239613266
61666238623235386666353531316330313338656262383865396530626561313735373839323462
30323566303964303638653666306139376538616638383166363063303239623662646131656338
39636261353230303533653638636136373961363634393433663331303763303434353162626135
39323365613839396130646531396337336230663364383463393234346662326536366165396266
32656162306138313861316536373536373432333834376431313461333231323830623865373563
36363539663362306534643166656265643939303238616466656561363463633534323334373838
38613234393833353336313530356561306663346335336362313434373639653339306534633164
38316664333531326166393362353036633336383965386332366331323435663136653439656466
66623963316237666537393863396432353065363830656361353566333333363038363435306439
32666435623136343335333162326130333733613664623033353836336634636635383362326332
64383065306665626632666634303937313263653066613162376365643936616438346461353362
39376366343536383134633631646432623934383230396466633261323835373061393765343631
62623965633633303063363266646661366637363533616363383032383661626564623062333866
66323234313062613332336466396630636439363735386636636262316464343636363466623363
64366161663066613462663134643335336564326538383731333739623865393865316165333264
38626436393163346366663637633335633736393434663437383430326565646632303731386138
62613337643830313436616637656664636438346230313262663264336632633036376235366136
34623363626539653261336235373339386366636136383465643934323134646163333931333965
62306637613366646264333734313564313436613766643363346536646533376439316133393266
65316633623762623535626136306539633765336264623437363961666639643031323239313630
61383662323865303165393663333064386265393633626436623663636331336234396263636534
62653735623639353437326132376138653637366364373338613661366165633333633437333865
30363162343961313130616636326532613737626137633063616436613863303263626533613537
34356230366664663437383334313031663764393334303935326236353137623762663263623033
39393062333662306439356332323835666463336537343666323763633537646264383431653265
33643538386632646634656236626462613539353565616336356361393432343232613434326330
63373135343462626132393562333235313439366230656662313137396663613465356439646336
33343135353962316164373036336637323237363434376332373866663961313464396363383239
38666564333834623334646163306336636439613466643065646563373732643361323465376136
37373637313366336132656431356231373536396166383165323730376666356233326633386236
37363961346462613361663563663563656232303532376330613131313964393935393435613261
35653931633038303231363037366165353431346235353032356464396533623335333333613132
32646434323064666436633364646361343837366335373634636365326664323661626536393466
33653139613131323161616462363130346335356265656338663031643437376331663966656233
37656534343561343564316437613438346661613062623330666534383566396439633939643838
66656633306432303261623032306533313236336232373465343133663462653532313561376139
38356265613332326262633731366331356332393133623333656138313539313064376563623735
32623138623730326333356566326432333235383838613861613865663939333466316636313434
33376134353163363861653863376565643730623863623564323636393736376133613030393031
30396231393264393665366164306330353061633365383962343764363863303162316534376439
39316564663534346436336434653066336663323436333037343934623730323832393066643265
33343133613038373137323938373465366463613262386163316634363434333238313639373363
32366162343734363363366336363834353766643661353239623062343731356564393538623330
61376664353163373730646637636232643931373936643530626331313730373164663535646539
61313434323636303136653563393433333332383538653036373635353935623431613937373863
66613036323161363432636464623131353931313436643462353865623161663734643736323131
66383733326562363965306565386134383065323436363438643565663332373461376534346236
37646631323933663739376435333335386364383834336164333434643539373765323739363264
39643432336239366333353539373862363638303865663165616337636535313337306462623764
37343166643638643832366632383466633134373536346433666433333937663836366163313534
33383263616238616130653635346337386531363739623332326234336334653536616365626266
65306639396334323034336138633733656537623233623033303933343730356432663561386631
66623030343636613132653465363436346130653363303661623538383139376566626165343838
66663834303132303535316235373935376330363666373830323061356535623238373635353234
30306136386363633739363230343236343730316262636536356431646230373334303430393463
35666364656637363933633637363563633330306462356261386535636532643732393366343661
37653963313835663036313565396437613639363439643664346435643835356235653039643464
32303437633737626534326633643530313363346435323833353738373061303964653462636461
33396162316232633938363230336335613136623163623666353065643437643763323333313665
66386336373336393731303562663230383432666136353436383063376433653663386435346266
39616631356334366161353439383761393230336561396135316465333262666336316561343464
38623830323138346134636566613766373161313437366135643562663534393837643032613866
34353663623565353935306332363335313139633266633863396635396233323035363732646532
63366238383137663036303062333264383038356166383366373339376462343065366536303433
32626565656630353134366136656661656530393430653839336633353238346238396432303039
31313365393938613434633733363736626162333563636461656137343761373166323430326538
61393864393432663462396639383961666530316132663136623332616130626531323636383864
32386363666361336234633563373361623863646639343364636537323865663236393636333835
38393836626261626139653563663664643064613934353564343930353165366364396361306331
65383631376234393739646432376362396265356461336332613162396164303762396338636463
65623632376231343361666664383430373239386439336335396663633135353064613037623466
66613836363039373839303732306431383437323434616564353137373636353030376563626139
34356630393663336161376436336661663237393465656461633466363765616138306530646439
32663131643465313436633231306537323561313636666662666433373630336431316434363565
31643337643533633932653562633733613034386534333139353164633130303631663437323333
62333630353439373937663839616634316366633733383338666637643961383531376536323631
35353232333537396231386332333033613863636530323635356335633738656630313264643631
65613862343836383734633131333532616139383330393632633434313936363633373036623930
30383462333937626334376163643464353865333330303130363162626330336562373631363039
36316662373164616131656566383434613637333933616237373461396230363531613363366233
38613438396434373162386332356562303231336630303733666664316134613665306236336666
39656230356131356134303733623531343666363635616433326631396463346366383963333237
38613463386131643537643966623032626163333764373438343863353839323135313530373034
32303536366364356338613131623039306538616334343764653135653035303134306633366139
62343532383035316137
