$ANSIBLE_VAULT;1.1;AES256
36353765643130396165636438343264346130623065636434346162353033623735376164333363
3037623533376339653431306263313335333363306463660a636432303062346631393035356338
30393037383961613735663833313139303961616564613363353761336263326565396134613661
6234646335303265390a383635633962343662393330393631373730353833386334623531613032
65316337363661643432306433373864653338336436363437396166653136343666333734303139
64663330633866653262373634636163626231666232656639313463613734393033636132666433
62376563326561373863613766333764313837343733663937393734663863653065383563346562
30383165313732346632666234393262636235376639613135366633386633646234353166666333
64353364323934633665313732323631373864353365366230323335333331663635643361616630
31363566666430623466373864356364343966646664353839363866326138383230323737383739
39656265636331346361373730396531336564336330623430373366653433306361303932643634
64363630303366633438303131383563653466666434656532306562616631386565326565356163
62646135613763363030653165616462366137373166616465646363646663313063363665316462
33303866303632363361366639633666313863353361343837316531633035333639336330646331
32366136323465353761353261386664653664346433366563333133396134613738306537336237
61356633386433623439343231333466363263666131316632326531323732306163336339313437
63653064663632666535373663613835313530313531333364343832363861366665656132346336
66343335376362386233306134366434316432653832356638666539383533306161303233383532
36353037376664353532366263626630653764376461666139353438373336346435353066313463
66616666383739323261323762306561613839663663336232323736326538386336393637306638
63613532353231323735656537313338646364633761386631306333646136383933303561383239
62653438306565323765643831616461623435343237366436303834303938613565626538663932
62383164376534393539376133366535303461336561623964373231353562623331626562326366
30656135353935356563646234613766323866666161376136336464613936613731396265303430
37353036303166333565326636316533663662306335343438323466653364316634383332623437
39666561316338646562636439343236303131656539636366643430353836666232643265663961
37626461346533306366656632336438323131663039356235336266613363346232613935353831
63613264346661343932333565386663633935613134366666383539303862326536313064643637
39613734316363616164643336396330646437633032353662303039393861373936326636333839
37306366656632623563323638353363653863366636636163623030633936633964353930356432
61623235636465396631363131343263646436313130656138333733336232366364356364343630
36333363656634613335396333363539623664613163336437396432646265613161393135373731
32626636313137643137646436386137316362336634326231306133306266656661313465313765
32303032393765313865373637343430636339353964303333663862313035613133656162616630
36316361313761303031343464656430396361646366636536326465316232326663303131636535
37663936343734313431393965633962303637313239653230333934613831363338616562336630
61336532336436306231373364386438343565386665623839323835346562353961383638366663
65653736386431356232363433626437656163333934636131316663393261323965393230343139
63626339313734623037663661643065653537363364313838383931333137343636663763303832
62666531643766363834633163313361383461353061306232363835346537656132313034656162
34333536653563356264383230666262613732393534656535333264346162303236633535323639
32383465393466646561636662373535306165633534323935326133633334633536336130353635
62633561653030636365663531343233663635613734336362616265616234323832356431376434
36326163313335306363316431373233653433363739356631353330366333613532396361343632
64313734663534646466313233336366633563643535346363666465636632656639376337386134
37356632623361336161313036613866663563343032336663613531393562333066343430383537
62613437653664316137666462653361303235636534376162666162306364333064616463353631
61623037313131313565306165396330613561343638393761363331353239633539623364343438
36336533353339306635653633623561396233613131333138613237646434656366333938393963
64316432356361653137666266303336653466313233376130366363353761373132313035613338
35616232326564386339616333396366643434646666626362383131363465343166393362393264
32383236303965313634363930323432613738326131313734663566376661336166373235346266
64666436363635343262376134356336333437396232366133616266346137616237646634323439
33363538373531643637323332316430646338343261383433333562393465653534333739613333
39343964613938366166343531393135363866636161653262363062326436366536656539373363
64626635633164313963623064376133626639626236303862333933363335326330626162313834
32363366653838623264663431626261376235643533326462353631353039633862616131623064
30663239363139363132383464373636386334386635643535646261326661313663383735663030
34333961653536633965656635633865616331663637643336663062656461353138333332343462
39343365646631383632623633333939333130626163303466393262666133666263653331373339
38313132613334323161363831326261343736303632303062623137396238643332616264346634
63363732633530303965386637653763323631633332383063333266316638363838376563303438
64313263353732353937636263666265366636636233323735343462306232636239646532316661
65393264326261643562383664383065343639323039636565616134386332386235666661333162
61373134353864363339323338323030633262366438613065663132643865363433653433646337
33373730373235663832333939343265376439316132363532366536313831373634666566333836
61376135396136656337353839623766333336666265616166313862316536656566363934616565
31323965636665653263346332363738303336306265666466646666623935633631363230653063
38663938373339643865646265353366383135653137386636393035383039316364613361653731
38643233343861366561326666643162663035313463376238646366653435363739333239306438
33383232613433386461663865353333646437323033323661656638656539336131353439363439
31656662326566373633653730666261663235656262363564613066336131373235353565333363
62633338663164316539346162613262656632653631653034643835353535363134346535343962
64626563333436366339323063643933373530313964386637653732643264316233386238663962
33623235613061376230333539616539653838656236336264656433353839316362323865326138
65333539613838646361326234616662656236366162373864386164633638323536653532633332
62346462323365396231353663613133366137306336353665613865393831643439626434303230
39353337633437333731346634323434366664343337353637343930643266313431353036383236
35666333306536356664383262346465313136316633623930343964353235303862306638373962
37353532343766306137363830366464643936653337376234316434373831353865363135353530
62306264356631636166643833393566666332326533636461663231663834313031313739626664
64386161323631643835343130616639346631613434313138623031343332343361326366303039
30343532386137323831356165633062336636313365626664613464373337653532323038393837
66333634663665643938616530316435393638643338396632653436613336353830663837646136
64336639646261373761383030616361663337613731366461656263336237666232383031653138
62363334396436323634663665623035613363303635326364313639313739363033643936623436
63353530326430643135306233306135313035653439373631356430636335653866633964613434
30653038663735303561636363316361616435326662343165636633643836313538613461363236
39633437383534383138356137373465303933386462383839616163653664376235343666623864
63373533646461363035336339336139633632663862303230343231616265383561333863626532
35383039303866613331313439656332353566646133366230646334376230643731633462393539
65306366613438666231376136393065366138353935306662623565323863363333303634363266
34656332326331353739613533316661373164356133646163333935326663626536363663326632
36343266613839363262333264613636663061393262623637396163666265303532613435333633
30393230373163376433346634303432383132636363653438323334316166396363373335363036
38383833636637383333656239643564366236323164333364363361393038643866643333666535
32656265613836393863323734643133643232366532313837323363373235386335323861383438
35636336663063653561623661386436636636303562383264666537666363386361396236366438
37616632666337376134333339623738343163393130643330346439336536666531353835623735
65626561386139623532666437663561306232623263356164303935383534336633613033336432
31656134343434366334646165363861363864393532333539336534323038383934643966383032
30333434353835396233303063376164373266656231333862363562623837303538336237373735
65323962643032333439393739326439343964386561326463653066653963376233623162326564
66663231356331346161363662623931306466326330663838633934646433303365333866613636
39616539653737326230336335393335656235373764623462666531366133353938333664663430
31373065383936356234643865663263623665336438333661323332663536666464383339343366
30386234316565623230616665363566373533386465303534366533306531623731393230303233
65326333643463343839353562663233393536646563613130323630336662326463393333373762
34303763663063643065333933363830323033316561323736646461663261646635636262303562
33333661666430306238633033316333663130646433373539643161336466343332613635363739
30383930656439336565356366643264363564633135306163633666376366633631616333613765
33323063333837623664313430633436636539666537363136633339383863326230666564383333
61386564326136663362626165353736636236646238336239613164656330326664633962396665
62333539316233613764333230653133623761363130356132376564343530396534373564616262
61303839396537343464623664323263653531376365336266343735336539623465356434353735
35313666663463343262663132393862343034303038613936666234386438396235333336623939
64646461303938313365393833643134393939626239386565313439626566353735373932356665
66656437373039633866613935303236663936323134653436383761353561656565383634646166
30363732356665356237303065646262363564353938323565343533333239333034653136346663
33623639353763376533303730393033323830663364356332343763383966613538303333653336
38376239313231313736386561376566343036343366346438666136373032333738393933316433
37313062306337323863643362623531343332333534353565363735363565326239323236353162
66623366333034383132323239393038306163326361343565663738393138643063613265386132
30656161643063316337383264616335616331336239663733336532306336323266623138616337
32623935333264343232643166313763646531336565313361323238326264313336343339316637
61306262316330333264653566663732663430663564333135633465623232326434313633343366
66363761386131663333333730363137343031343036373863353662363135383064366437356435
62616331663335346661313530356334613338383832323533643865643132393163366465633832
61376330353333393866363538656231663763653464353634633362333338323936383161363030
31613531356531376534626639316337373965666635353465303432313334633037313132326361
34653366636536656134326466646664633935373435343235663936646363373962313232306466
38616663386162646634383035396366323364376365613631306363366432393433313834386431
61643162363130636566643765666330363635353839643932623664643133333165313261346137
39393939333036363266353864393938636435366231303435613834613862653535633663333136
37323332623933363865363930346332633331633038343131633663353063326162373762396163
38613237363931303036363332376130363532336463623638353635376638313864633034353663
36626463313633356565373838393062663865643432333564356361653931306632383633363461
62376630323539323537653161343435643331616165613138376632383265323639643761316537
36663139633738353536636662636633623635326536653762373839656666303035393839633730
64336365373331376637396431303934353930643163356434616630316363393938626234623061
62623138343933376465623636323237663531396264323237656335373134393566316333373939
65336163336338616135653734393566393062393637323766643933633437343162306561346538
31353864323233363633663034643938633930313735633931613963306366316261343562366261
38343436303833613361643939636166643436373562303965653532353165653931613530373232
63613135313263373033353561363734373138323632316633316634633762383333333738306330
31383165323565333761666630646261663163626363313035383330386539313339383465353534
37353163323765386166333564366535373561306533636631373031393237646364623365653233
32633033663739366165613361376630613061306233353362323063346265663331313765613565
65313863353535613838386433323537623835636532373563643430323636383931353533316237
34316463633633663935333663346636636132623130363634343034613436636634613966323265
66343131393631393666313265303734393061643632323166396135643765636161353136356634
64383136366330643533303063313764343534633361383464616566653735306239326233393061
37623266643465346231653661313262633033353036363339653330356237386639346263616363
61363666643937356465363831646335363133623363653631633233646538616232323961323431
33383033336162373732626334613634616634306630303763656366376262646338353938383233
35373636303364393834393734383337623561646262633466653730643436393461646133613832
66623139366231313630376539333833643135613361613062666662336238363736666130663531
63386564393330306664343136373162653230613661306461326662373631643636623065383037
30323239323764643937323564363134366465633230623761353837666333376362303839323232
31323539633336623637383038326638643037393130653963653166646561373764626537306566
64396439313530623532383635373734626234383634623861316337656339636165633462396336
34316532343737653235386137323232383035633964666336643639326237373266316364616638
36343461616336333432653735313731626666306562333031613234373932333730383030333864
65613930316431623530353536646339373036373739636534383761373166353564663537313238
35643839336536366434303465656637633766356434386234386431373564333335353533663138
35613733336234383639323639393534656363616137336536313430666662376338623539316337
35346663626665333231633939663033373862376261343838386432666537636438323332643463
31623664613066646562656638626533613637353834653734633832643730646561353662623038
36356263313939633832306637333534616164376336633166326435616234623632636636386538
63643263616530646266383238383162626536616664336239326562363732663662616566636466
32623563333162626461303634623236653365653338616562323738313330663137356561343762
65633634663131366137363636633366653137616237373365656634346539613730653434393831
39366132383032363331646139643339646261643033666632626231396439333331303331646662
62363330336563636230353863363863643561633133666361663832356339666234623464376166
313737636166393162313537386136626661
